0.000000 0.000000 0.000000
0.000000 0.000000 1.000000
0.000000 0.000000 2.002115
0.000000 0.000000 3.004230
0.000000 0.000000 4.006344
0.000000 0.000000 5.008459
0.000000 0.000000 6.010574
0.000000 0.000000 7.012689
0.000000 0.000000 8.014803
0.000000 0.000000 9.016918
0.000000 0.000000 10.019033
0.000000 0.000000 11.021148
0.000000 0.000000 12.023262
0.000000 0.000000 13.025377
0.000000 0.000000 14.027492
0.000000 0.000000 15.029607
0.000000 0.000000 16.031721
0.000000 0.000000 17.033836
0.000000 0.000000 18.035951
0.000000 0.000000 19.038066
0.000000 0.000000 20.040181
0.000000 0.000000 21.042295
0.000000 0.000000 22.044410
0.000000 0.000000 23.046525
0.000000 0.000000 24.048640
0.000000 0.000000 25.050754
0.000000 0.000000 26.052869
0.000000 0.000000 27.054984
0.000000 0.000000 28.057099
0.000000 0.000000 29.059213
0.000000 0.000000 30.061328
0.000000 0.000000 31.063443
0.000000 0.000000 32.065558
0.000000 0.000000 33.067672
0.000000 0.000000 34.069787
0.000000 0.000000 35.071902
0.000000 0.000000 36.074017
0.000000 0.000000 37.076132
0.000000 0.000000 38.078246
0.000000 0.000000 39.080361
0.000000 0.000000 40.082476
0.000000 0.000000 41.084591
0.000000 0.000000 42.086705
0.000000 0.000000 43.088820
0.000000 0.000000 44.090935
0.000000 0.000000 45.093050
0.000000 0.000000 46.095164
0.000000 0.000000 47.097279
0.000000 0.000000 48.099394
0.000000 0.000000 49.101509
0.000000 0.000000 50.103623
0.000000 0.000000 51.105738
0.000000 0.000000 52.107853
0.000000 0.000000 53.109968
0.000000 0.000000 54.112083
0.000000 0.000000 55.114197
0.000000 0.000000 56.116312
0.000000 0.000000 57.118427
0.000000 0.000000 58.120542
0.000000 0.000000 59.122656
0.000000 0.000000 60.124771
0.000000 0.000000 61.126886
0.000000 0.000000 62.129001
-0.007301 -0.007737 63.128925
-0.029632 -0.031400 64.143076
-0.066983 -0.070980 65.156287
-0.119338 -0.126458 66.168088
-0.186672 -0.197809 67.178006
-0.268953 -0.285000 68.185571
-0.366144 -0.387989 69.190314
-0.478198 -0.506729 70.191765
-0.605064 -0.641164 71.189458
-0.746683 -0.791232 72.182928
-0.902988 -0.956863 73.171713
-1.073906 -1.137979 74.155351
-1.259359 -1.334497 75.133383
-1.459260 -1.546324 76.105355
-1.673514 -1.773362 77.070812
-1.902024 -2.015505 78.029306
-2.144681 -2.272640 78.980389
-2.401374 -2.544648 79.923618
-2.671981 -2.831401 80.858553
-2.956378 -3.132766 81.784759
-3.254432 -3.448602 82.701803
-3.566003 -3.778763 83.609260
-3.890947 -4.123094 84.506705
-4.229112 -4.481435 85.393720
-4.580340 -4.853619 86.269892
-4.944468 -5.239472 87.134812
-5.321326 -5.638815 87.988078
-5.710739 -6.051461 88.829292
-6.112524 -6.477218 89.658062
-6.526496 -6.915888 90.474000
-6.952459 -7.367267 91.276728
-7.390218 -7.831143 92.065871
-7.839566 -8.307301 92.841061
-8.300295 -8.795518 93.601937
-8.772189 -9.295568 94.348145
-9.255030 -9.807217 95.079335
-9.748592 -10.330226 95.795168
-10.252645 -10.864353 96.495311
-10.766954 -11.409347 97.179436
-11.291279 -11.964955 97.847225
-11.825377 -12.530918 98.498367
-12.368997 -13.106973 99.132557
-12.921887 -13.692850 99.749502
-13.483789 -14.288277 100.348912
-14.054441 -14.892976 100.930509
-14.633577 -15.506665 101.494021
-15.220927 -16.129059 102.039187
-15.816218 -16.759867 102.565751
-16.419172 -17.398795 103.073469
-17.029508 -18.045545 103.562104
-17.646941 -18.699817 104.031427
-18.271184 -19.361304 104.481222
-18.901946 -20.029699 104.911276
-19.538932 -20.704691 105.321391
-20.181847 -21.385964 105.711375
-20.830390 -22.073201 106.081047
-21.484259 -22.766082 106.430233
-22.143149 -23.464284 106.758772
-22.806753 -24.167481 107.066510
-23.474762 -24.875346 107.353304
-24.146865 -25.587548 107.619019
-24.822748 -26.303757 107.863533
-25.724166 -26.681469 108.075144
-26.625584 -27.059181 108.286755
-27.527002 -27.436893 108.498366
-28.428420 -27.814605 108.709977
-29.329838 -28.192317 108.921588
-30.231256 -28.570029 109.133199
-31.132674 -28.947741 109.344810
-32.034092 -29.325453 109.556420
-32.935510 -29.703166 109.768031
-33.836928 -30.080878 109.979642
-34.738346 -30.458590 110.191253
-35.639764 -30.836302 110.402864
-36.541182 -31.214014 110.614475
-37.442600 -31.591726 110.826086
-38.344018 -31.969438 111.037697
-39.245436 -32.347150 111.249308
-40.146854 -32.724862 111.460919
-41.048272 -33.102574 111.672529
-41.949690 -33.480286 111.884140
-42.851108 -33.857998 112.095751
