0.000000 0.000000 0.000000
0.000000 0.000000 0.000000
0.000000 0.000000 0.394932
0.000000 0.000000 0.789864
0.000000 0.000000 1.184796
0.000000 0.000000 1.579728
0.000000 0.000000 1.974660
0.000000 0.000000 2.369592
0.000000 0.000000 2.764524
0.000000 0.000000 3.159456
0.000000 0.000000 3.554388
0.000000 0.000000 3.949319
0.000000 0.000000 4.344251
0.000000 0.000000 4.739183
0.000000 0.000000 5.134115
0.000000 0.000000 5.529047
0.000000 0.000000 5.923979
0.000000 0.000000 6.318911
0.000000 0.000000 6.713843
0.000000 0.000000 7.108775
0.000000 0.000000 7.503707
0.000000 0.000000 7.898639
0.000000 0.000000 8.293571
0.000000 0.000000 8.688502
0.000000 0.000000 9.083435
0.000000 0.000000 9.478367
0.000000 0.000000 9.873299
0.000000 0.000000 10.268230
0.000000 0.000000 10.663162
0.000000 0.000000 11.058094
0.000000 0.000000 11.453027
0.000000 0.000000 11.847959
0.000000 0.000000 12.242890
0.000000 0.000000 12.637822
0.000000 0.000000 13.032754
0.000000 0.000000 13.427686
0.000000 0.000000 13.822618
0.000000 0.000000 14.217550
0.000000 0.000000 14.612482
0.000000 0.000000 15.007414
0.000000 0.000000 15.402346
0.000000 0.000000 15.797277
0.000000 0.000000 16.192209
0.000000 0.000000 16.587141
0.000000 0.000000 16.982073
0.000000 0.000000 17.377005
0.000000 0.000000 17.771938
0.000000 0.000000 18.166870
0.000000 0.000000 18.561802
0.000000 0.000000 18.956734
0.000000 0.000000 19.351665
0.000000 0.000000 19.746597
0.000000 0.000000 20.141529
0.000000 0.000000 20.536461
0.000000 0.000000 20.931393
0.000000 0.000000 21.326324
0.000000 0.000000 21.721258
0.000000 0.000000 22.116190
0.000000 0.000000 22.511122
0.000000 0.000000 22.906054
0.000000 0.000000 23.300985
0.000000 0.000000 23.695917
0.000000 0.000000 24.090849
0.000000 0.000000 24.485781
0.000000 0.000000 24.880713
0.000000 0.000000 25.275644
0.000000 0.000000 25.670576
0.000000 0.000000 26.065508
0.000000 0.000000 26.460442
0.000000 0.000000 26.855373
0.000000 0.000000 27.250305
0.000000 0.000000 27.645237
0.000000 0.000000 28.040169
0.000000 0.000000 28.435101
0.000000 0.000000 28.830032
0.000000 0.000000 29.224964
0.000000 0.000000 29.619896
0.000000 0.000000 30.014828
0.000000 0.000000 30.409760
0.000000 0.000000 30.804691
0.000000 0.000000 31.199623
0.000000 0.000000 31.594557
0.000000 0.000000 31.989489
0.000000 0.000000 32.384418
0.000000 0.000000 32.779350
0.000000 0.000000 33.174282
0.000000 0.000000 33.569214
0.000000 0.000000 33.964146
0.000000 0.000000 34.359081
0.000000 0.000000 34.754013
0.000000 0.000000 35.148945
0.000000 0.000000 35.543877
0.000000 0.000000 35.938808
0.000000 0.000000 36.333740
0.000000 0.000000 36.728672
0.000000 0.000000 37.123604
0.000000 0.000000 37.518536
0.000000 0.000000 37.913467
0.000000 0.000000 38.308399
0.000000 0.000000 38.703331
0.000000 0.000000 39.098263
0.000000 0.000000 39.098263
-0.000051 -0.000085 39.224308
-0.000208 -0.000347 39.350353
-0.000472 -0.000785 39.476395
-0.000838 -0.001393 39.602436
-0.001309 -0.002177 39.728477
-0.001884 -0.003132 39.854519
-0.002564 -0.004263 39.980556
-0.003350 -0.005570 40.106590
-0.004239 -0.007048 40.232624
-0.005230 -0.008696 40.358654
-0.006331 -0.010526 40.484680
-0.007534 -0.012527 40.610703
-0.008844 -0.014704 40.736721
-0.010255 -0.017051 40.862736
-0.011769 -0.019568 40.988747
-0.013393 -0.022268 41.114754
-0.015119 -0.025139 41.240753
-0.016948 -0.028179 41.366745
-0.018886 -0.031402 41.492733
-0.020923 -0.034789 41.618717
-0.023070 -0.038358 41.744694
-0.025319 -0.042098 41.870663
-0.027675 -0.046014 41.996624
-0.030132 -0.050101 42.122578
-0.032696 -0.054363 42.248524
-0.035362 -0.058796 42.374462
-0.038135 -0.063406 42.500393
-0.041009 -0.068185 42.626312
-0.043993 -0.073147 42.752224
-0.047076 -0.078273 42.878128
-0.050265 -0.083575 43.004021
-0.053561 -0.089054 43.129902
-0.056962 -0.094709 43.255772
-0.060465 -0.100535 43.381634
-0.064071 -0.106530 43.507484
-0.067783 -0.112702 43.633324
-0.071602 -0.119050 43.759148
-0.075522 -0.125569 43.884964
-0.079548 -0.132264 44.010765
-0.083681 -0.139135 44.136555
-0.087912 -0.146170 44.262333
-0.092253 -0.153388 44.388096
-0.096697 -0.160776 44.513844
-0.101242 -0.168334 44.639580
-0.105894 -0.176068 44.765301
-0.110652 -0.183979 44.891006
-0.115512 -0.192060 45.016697
-0.120479 -0.200318 45.142376
-0.125547 -0.208745 45.268036
-0.130722 -0.217349 45.393677
-0.136003 -0.226130 45.519306
-0.141382 -0.235074 45.644917
-0.146872 -0.244201 45.770512
-0.152463 -0.253498 45.896088
-0.158157 -0.262965 46.021648
-0.163957 -0.272608 46.147190
-0.169859 -0.282422 46.272713
-0.175868 -0.292412 46.398216
-0.181982 -0.302579 46.523701
-0.188195 -0.312909 46.649166
-0.194514 -0.323415 46.774612
-0.200943 -0.334105 46.900040
-0.207471 -0.344958 47.025448
-0.214105 -0.355988 47.150833
-0.220840 -0.367187 47.276199
-0.227679 -0.378557 47.401543
-0.234627 -0.390109 47.526863
-0.241673 -0.401825 47.652164
-0.248830 -0.413725 47.777443
-0.256085 -0.425787 47.902699
-0.263446 -0.438026 48.027931
-0.270909 -0.450435 48.153137
-0.278479 -0.463021 48.278328
-0.286150 -0.475777 48.403488
-0.293928 -0.488709 48.528625
-0.301808 -0.501811 48.653740
-0.309791 -0.515083 48.778828
-0.317883 -0.528538 48.903893
-0.326074 -0.542157 49.028931
-0.334367 -0.555946 49.153942
-0.342770 -0.569917 49.278931
-0.351272 -0.584053 49.403889
-0.359879 -0.598364 49.528824
-0.368589 -0.612846 49.653732
-0.377405 -0.627504 49.778610
-0.386323 -0.642332 49.903461
-0.395344 -0.657330 50.028282
-0.404467 -0.672499 50.153076
-0.413699 -0.687850 50.277843
-0.423030 -0.703364 50.402580
-0.432468 -0.719056 50.527290
-0.442003 -0.734910 50.651966
-0.451649 -0.750948 50.776615
-0.461397 -0.767156 50.901234
-0.471247 -0.783533 51.025822
-0.481200 -0.800081 51.150375
-0.491254 -0.816799 51.274902
-0.501415 -0.833693 51.399395
-0.511678 -0.850757 51.523857
-0.522047 -0.867998 51.648285
-0.532515 -0.885402 51.772682
-0.543088 -0.902983 51.897045
-0.553764 -0.920733 52.021378
-0.564543 -0.938654 52.145676
-0.575427 -0.956751 52.269936
-0.586414 -0.975018 52.394165
-0.597502 -0.993455 52.518360
-0.608693 -1.012063 52.642521
-0.619991 -1.030846 52.766647
-0.631390 -1.049800 52.890736
-0.642888 -1.068917 53.014790
-0.654496 -1.088217 53.138805
-0.666202 -1.107681 53.262787
-0.678010 -1.127314 53.386730
-0.689925 -1.147125 53.510635
-0.701942 -1.167105 53.634506
-0.714061 -1.187255 53.758339
-0.726278 -1.207568 53.882133
-0.738606 -1.228065 54.005890
-0.751031 -1.248725 54.129604
-0.763559 -1.269555 54.253284
-0.776190 -1.290555 54.376923
-0.788930 -1.311738 54.500523
-0.801765 -1.333078 54.624081
-0.814705 -1.354595 54.747601
-0.827745 -1.376275 54.871078
-0.840890 -1.398131 54.994514
-0.854142 -1.420165 55.117912
-0.867491 -1.442361 55.241264
-0.880940 -1.464721 55.364578
-0.894498 -1.487264 55.487846
-0.908150 -1.509964 55.611076
-0.921913 -1.532847 55.734261
-0.935774 -1.555893 55.857403
-0.949737 -1.579110 55.980499
-0.963803 -1.602496 56.103554
-0.977971 -1.626053 56.226566
-0.992241 -1.649779 56.349533
-1.006613 -1.673675 56.472454
-1.021087 -1.697742 56.595329
-1.035664 -1.721978 56.718159
-1.050343 -1.746385 56.840942
-1.065120 -1.770954 56.963684
-1.080003 -1.795701 57.086376
-1.094985 -1.820610 57.209023
-1.110073 -1.845697 57.331619
-1.125259 -1.870947 57.454174
-1.140548 -1.896366 57.576675
-1.155938 -1.921956 57.699135
-1.171431 -1.947716 57.821541
-1.187022 -1.973639 57.943901
-1.202720 -1.999739 58.066212
-1.218515 -2.026002 58.188473
-1.234413 -2.052435 58.310684
-1.250417 -2.079045 58.432846
-1.266516 -2.105811 58.554958
-1.282720 -2.132754 58.677017
-1.299023 -2.159861 58.799030
-1.315428 -2.187137 58.920990
-1.331936 -2.214584 59.042900
-1.348541 -2.242194 59.164753
-1.365249 -2.269974 59.286556
-1.382060 -2.297924 59.408310
-1.398972 -2.326044 59.530006
-1.415983 -2.354327 59.651653
-1.433096 -2.382780 59.773247
-1.450307 -2.411397 59.894787
-1.467624 -2.440191 60.016273
-1.485040 -2.469147 60.137703
-1.502554 -2.498267 60.259079
-1.520170 -2.527558 60.380402
-1.537889 -2.557018 60.501667
-1.555706 -2.586642 60.622879
-1.573629 -2.616442 60.744034
-1.591646 -2.646399 60.865128
-1.609766 -2.676526 60.986176
-1.627984 -2.706817 61.107159
-1.646308 -2.737284 61.228088
-1.664730 -2.767914 61.348961
-1.683251 -2.798708 61.469772
-1.701870 -2.829666 61.590527
-1.720591 -2.860793 61.711224
-1.739414 -2.892090 61.831856
-1.758336 -2.923551 61.952438
-1.777356 -2.955176 62.072960
-1.796482 -2.986976 62.193420
-1.815703 -3.018934 62.313820
-1.835026 -3.051062 62.434162
-1.854447 -3.083353 62.554440
-1.873971 -3.115814 62.674660
-1.893592 -3.148439 62.794815
-1.913312 -3.181227 62.914913
-1.933134 -3.214185 63.034946
-1.953055 -3.247306 63.154915
-1.973078 -3.280598 63.274830
-1.993195 -3.314046 63.394676
-2.013414 -3.347665 63.514458
-2.033732 -3.381447 63.634178
-2.054148 -3.415392 63.753838
-2.074670 -3.449514 63.873432
-2.095287 -3.483792 63.992958
-2.116002 -3.518234 64.112427
-2.136815 -3.552840 64.231819
-2.157730 -3.587616 64.351158
-2.178744 -3.622555 64.470428
-2.199856 -3.657657 64.589630
-2.221066 -3.692923 64.708763
-2.242375 -3.728353 64.827835
-2.263786 -3.763952 64.946838
-2.285291 -3.799709 65.065781
-2.306898 -3.835635 65.184647
-2.328604 -3.871725 65.303444
-2.350404 -3.907971 65.422180
-2.372307 -3.944388 65.540848
-2.394307 -3.980968 65.659439
-2.416406 -4.017712 65.777969
-2.438603 -4.054618 65.896423
-2.460899 -4.091689 66.014816
-2.483293 -4.128923 66.133133
-2.505785 -4.166320 66.251389
-2.528376 -4.203881 66.369560
-2.551064 -4.241605 66.487671
-2.573848 -4.279487 66.605705
-2.596733 -4.317538 66.723671
-2.619717 -4.355752 66.841568
-2.642795 -4.394124 66.959389
-2.665971 -4.432659 67.077133
-2.689246 -4.471357 67.194809
-2.712623 -4.510226 67.312416
-2.736090 -4.549244 67.429947
-2.759660 -4.588433 67.547401
-2.783324 -4.627779 67.664787
-2.807090 -4.667295 67.782097
-2.830951 -4.706967 67.899338
-2.854906 -4.746797 68.016495
-2.878963 -4.786796 68.133575
-2.903115 -4.826952 68.250587
-2.927365 -4.867272 68.367523
-2.951709 -4.907749 68.484375
-2.976151 -4.948389 68.601166
-3.000692 -4.989193 68.717865
-3.025328 -5.030153 68.834496
-3.050065 -5.071284 68.951050
-3.074893 -5.112565 69.067520
-3.099819 -5.154009 69.183914
-3.124844 -5.195617 69.300240
-3.149963 -5.237382 69.416473
-3.175184 -5.279316 69.532639
-3.200495 -5.321402 69.648720
-3.225902 -5.363644 69.764725
-3.251410 -5.406055 69.880646
-3.277008 -5.448618 69.996490
-3.302709 -5.491351 70.112251
-3.328501 -5.534233 70.227936
-3.354394 -5.577286 70.343536
-3.380378 -5.620489 70.459061
-3.406461 -5.663856 70.574493
-3.432637 -5.707379 70.689850
-3.458912 -5.751066 70.805130
-3.485281 -5.794909 70.920326
-3.511745 -5.838911 71.035439
-3.538307 -5.883075 71.150467
-3.564964 -5.927396 71.265411
-3.591714 -5.971874 71.380272
-3.618560 -6.016509 71.495056
-3.645503 -6.061307 71.609741
-3.672537 -6.106256 71.724358
-3.699669 -6.151368 71.838882
-3.726896 -6.196637 71.953323
-3.754217 -6.242063 72.067673
-3.781636 -6.287652 72.181946
-3.809150 -6.333399 72.296127
-3.836754 -6.379296 72.410225
-3.864456 -6.425356 72.524239
-3.892249 -6.471567 72.638161
-3.920140 -6.517941 72.751999
-3.948125 -6.564471 72.865753
-3.976201 -6.611153 72.979408
-4.004380 -6.658004 73.092987
-4.032644 -6.704999 73.206467
-4.061007 -6.752158 73.319870
-4.089465 -6.799473 73.433182
-4.118012 -6.846939 73.546394
-4.146655 -6.894562 73.659531
-4.175395 -6.942348 73.772568
-4.204226 -6.990285 73.885521
-4.233151 -7.038378 73.998383
-4.262171 -7.086629 74.111160
-4.291281 -7.135029 74.223831
-4.320489 -7.183594 74.336418
-4.349788 -7.232308 74.448914
-4.379181 -7.281180 74.561325
-4.408669 -7.330208 74.673637
-4.438243 -7.379381 74.785858
-4.467919 -7.428723 74.897980
-4.497686 -7.478216 75.010017
-4.527544 -7.527859 75.121964
-4.557491 -7.577652 75.233810
-4.587537 -7.627609 75.345566
-4.617678 -7.677722 75.457230
-4.647904 -7.727980 75.568787
-4.678226 -7.778395 75.680267
-4.708641 -7.828966 75.791641
-4.739147 -7.879688 75.902924
-4.769748 -7.930567 76.014114
-4.800438 -7.981596 76.125198
-4.831224 -8.032782 76.236191
-4.862095 -8.084111 76.347092
-4.893065 -8.135605 76.457901
-4.924126 -8.187248 76.568604
-4.955277 -8.239042 76.679214
-4.986522 -8.290994 76.789719
-5.017854 -8.343088 76.900131
-5.049284 -8.395347 77.010445
-5.080801 -8.447748 77.120659
-5.112412 -8.500308 77.230774
-5.144113 -8.553017 77.340797
-5.175905 -8.605877 77.450714
-5.207791 -8.658894 77.560532
-5.239764 -8.712053 77.670258
-5.271827 -8.765365 77.779877
-5.303989 -8.818839 77.889397
-5.336233 -8.872451 77.998810
-5.368571 -8.926219 78.108131
-5.401004 -8.980145 78.217346
-5.433519 -9.034207 78.326462
-5.466129 -9.088427 78.435471
-5.498833 -9.142803 78.544388
-5.531624 -9.197324 78.653198
-5.564505 -9.251994 78.761902
-5.597476 -9.306815 78.870514
-5.630538 -9.361787 78.979004
-5.663691 -9.416909 79.087402
-5.696930 -9.472175 79.195694
-5.730263 -9.527597 79.303886
-5.763687 -9.583170 79.411972
-5.797197 -9.638887 79.519951
-5.830798 -9.694755 79.627831
-5.864485 -9.750765 79.735596
-5.898267 -9.806933 79.843262
-5.932135 -9.863245 79.950821
-5.966093 -9.919707 80.058273
-6.000142 -9.976319 80.165619
-6.034274 -10.033070 80.272858
-6.068503 -10.089983 80.379990
-6.102816 -10.147034 80.487022
-6.137219 -10.204234 80.593941
-6.171708 -10.261580 80.700745
-6.206288 -10.319075 80.807449
-6.240958 -10.376719 80.914047
-6.275719 -10.434516 81.020538
-6.310562 -10.492449 81.126923
-6.345496 -10.550532 81.233185
-6.380520 -10.608767 81.339340
-6.415631 -10.667145 81.445389
-6.450828 -10.725666 81.551331
-6.486112 -10.784331 81.657166
-6.521490 -10.843154 81.762878
-6.556950 -10.902114 81.868492
-6.592497 -10.961217 81.973984
-6.628135 -11.020471 82.079376
-6.663863 -11.079875 82.184647
-6.699673 -11.139417 82.289810
-6.735570 -11.199102 82.394867
-6.771554 -11.258931 82.499802
-6.807628 -11.318911 82.604630
-6.843789 -11.379034 82.709351
-6.880036 -11.439301 82.813950
-6.916369 -11.499713 82.918434
-6.952789 -11.560267 83.022804
-6.989296 -11.620967 83.127060
-7.025889 -11.681809 83.231209
-7.062572 -11.742802 83.335243
-7.099339 -11.803932 83.439163
-7.136188 -11.865200 83.542961
-7.173127 -11.926618 83.646645
-7.210152 -11.988180 83.750214
-7.247264 -12.049886 83.853668
-7.284459 -12.111729 83.957001
-7.321744 -12.173721 84.060226
-7.359108 -12.235846 84.163330
-7.396560 -12.298117 84.266319
-7.434101 -12.360535 84.369194
-7.471726 -12.423094 84.471947
-7.509432 -12.485786 84.574585
-7.547226 -12.548627 84.677094
-7.585107 -12.611610 84.779495
-7.623073 -12.674735 84.881775
-7.661123 -12.738000 84.983948
-7.699257 -12.801406 85.085983
-7.737474 -12.864948 85.187912
-7.775778 -12.928635 85.289719
-7.814164 -12.992459 85.391403
-7.852639 -13.056430 85.492966
-7.891196 -13.120539 85.594414
-7.929836 -13.184784 85.695732
-7.968560 -13.249170 85.796936
-8.007369 -13.313697 85.898010
-8.046261 -13.378361 85.998978
-8.085238 -13.443169 86.099815
-8.124297 -13.508111 86.200531
-8.163438 -13.573190 86.301117
-8.202666 -13.638413 86.401596
-8.241976 -13.703773 86.501953
-8.281371 -13.769275 86.602173
-8.320847 -13.834909 86.702271
-8.360406 -13.900685 86.802246
-8.400049 -13.966598 86.902107
-8.439775 -14.032651 87.001846
-8.479584 -14.098839 87.101456
-8.519474 -14.165163 87.200928
-8.559446 -14.231626 87.300293
-8.599504 -14.298228 87.399521
-8.639642 -14.364964 87.498627
-8.679865 -14.431842 87.597610
-8.720165 -14.498850 87.696472
-8.760548 -14.565991 87.795197
-8.801016 -14.633278 87.893799
-8.841564 -14.700698 87.992279
-8.882192 -14.768248 88.090630
-8.922906 -14.835942 88.188858
-8.963696 -14.903765 88.286957
-9.004572 -14.971727 88.384918
-9.045528 -15.039824 88.482758
-9.086564 -15.108054 88.580475
-9.127684 -15.176422 88.678055
-9.168883 -15.244924 88.775513
-9.210159 -15.313553 88.872833
-9.251520 -15.382323 88.970032
-9.292962 -15.451227 89.067101
-9.334484 -15.520265 89.164047
-9.376087 -15.589437 89.260849
-9.417768 -15.658740 89.357529
-9.459532 -15.728180 89.454071
-9.501372 -15.797748 89.550491
-9.543298 -15.867455 89.646774
-9.585299 -15.937291 89.742935
-9.627382 -16.007261 89.838959
-9.669541 -16.077358 89.934845
-9.711785 -16.147596 90.030609
-9.754106 -16.217960 90.126236
-9.796506 -16.288460 90.221741
-9.838985 -16.359091 90.317093
-9.881544 -16.429852 90.412323
-9.924181 -16.500742 90.507423
-9.966899 -16.571768 90.602386
-10.009695 -16.642925 90.697220
-10.052566 -16.714205 90.791916
-10.095519 -16.785624 90.886475
-10.138549 -16.857168 90.980911
-10.181660 -16.928848 91.075195
-10.224847 -17.000654 91.169357
-10.268115 -17.072596 91.263382
-10.311454 -17.144653 91.357269
-10.354877 -17.216852 91.451019
-10.398376 -17.289177 91.544640
-10.441954 -17.361633 91.638123
-10.485609 -17.434219 91.731468
-10.529342 -17.506931 91.824677
-10.573150 -17.579771 91.917740
-10.617035 -17.652739 92.010681
-10.660997 -17.725832 92.103477
-10.705040 -17.799061 92.196136
-10.749157 -17.872416 92.288651
-10.793349 -17.945892 92.381042
-10.837620 -18.019501 92.473282
-10.881968 -18.093235 92.565392
-10.926392 -18.167099 92.657364
-10.970890 -18.241087 92.749191
-11.015468 -18.315205 92.840881
-11.060120 -18.389446 92.932426
-11.104849 -18.463816 93.023834
-11.149651 -18.538307 93.115112
-11.194534 -18.612934 93.206245
-11.239486 -18.687674 93.297226
-11.284517 -18.762547 93.388077
-11.329623 -18.837543 93.478790
-11.374806 -18.912670 93.569359
-11.420062 -18.987915 93.659782
-11.465392 -19.063286 93.750069
-11.510798 -19.138779 93.840210
-11.556281 -19.214405 93.930214
-11.601834 -19.290144 94.020073
-11.647466 -19.366014 94.109787
-11.693172 -19.442009 94.199364
-11.738948 -19.518120 94.288788
-11.784801 -19.594360 94.378082
-11.830731 -19.670727 94.467224
-11.876733 -19.747211 94.556229
-11.922806 -19.823818 94.645081
-11.968957 -19.900551 94.733795
-12.015178 -19.977402 94.822365
-12.061474 -20.054377 94.910782
-12.107844 -20.131477 94.999069
-12.154287 -20.208696 95.087204
-12.200799 -20.286032 95.175186
-12.247388 -20.363493 95.263031
-12.294051 -20.441080 95.350731
-12.340786 -20.518784 95.438286
-12.340786 -20.518784 95.438286
-12.470629 -20.600098 95.569969
-12.600471 -20.681412 95.701660
-12.730315 -20.762726 95.833344
-12.860158 -20.844038 95.965027
-12.990001 -20.925352 96.096710
-13.119844 -21.006666 96.228401
-13.249687 -21.087980 96.360085
-13.379530 -21.169294 96.491768
-13.509373 -21.250608 96.623451
-13.639215 -21.331923 96.755142
-13.769059 -21.413235 96.886826
-13.898902 -21.494549 97.018509
-14.028745 -21.575863 97.150192
-14.158588 -21.657177 97.281883
-14.288431 -21.738491 97.413567
-14.418274 -21.819805 97.545250
-14.548117 -21.901119 97.676933
-14.677959 -21.982431 97.808624
-14.807803 -22.063745 97.940308
-14.937646 -22.145060 98.071991
-15.067489 -22.226374 98.203674
-15.197332 -22.307688 98.335365
-15.327175 -22.389002 98.467049
-15.457018 -22.470316 98.598732
-15.586861 -22.551628 98.730415
-15.716703 -22.632942 98.862106
-15.846547 -22.714256 98.993790
-15.976390 -22.795570 99.125473
-16.106234 -22.876884 99.257156
-16.236076 -22.958199 99.388847
-16.365919 -23.039513 99.520531
-16.495762 -23.120827 99.652214
-16.625605 -23.202139 99.783905
-16.755447 -23.283453 99.915588
-16.885290 -23.364767 100.047272
-17.015133 -23.446081 100.178955
-17.144978 -23.527395 100.310646
-17.274820 -23.608709 100.442329
-17.404663 -23.690022 100.574013
-17.534506 -23.771336 100.705696
-17.664349 -23.852650 100.837387
-17.794191 -23.933964 100.969070
-17.924034 -24.015278 101.100754
-18.053879 -24.096592 101.232437
-18.183722 -24.177906 101.364128
-18.313564 -24.259218 101.495811
-18.443407 -24.340532 101.627495
-18.573250 -24.421846 101.759178
-18.703093 -24.503160 101.890869
-18.832935 -24.584475 102.022552
-18.962778 -24.665789 102.154236
-19.092621 -24.747103 102.285919
-19.222466 -24.828417 102.417610
-19.352308 -24.909729 102.549294
-19.482151 -24.991043 102.680977
-19.611994 -25.072357 102.812668
-19.741837 -25.153671 102.944351
-19.871679 -25.234985 103.076035
-20.001522 -25.316299 103.207718
-20.131367 -25.397614 103.339401
-20.261209 -25.478928 103.471092
-20.391052 -25.560240 103.602776
-20.520895 -25.641554 103.734459
-20.650738 -25.722868 103.866150
-20.780582 -25.804182 103.997833
-20.910423 -25.885496 104.129517
-21.040268 -25.966808 104.261200
-21.170111 -26.048122 104.392891
-21.299953 -26.129436 104.524574
-21.429796 -26.210751 104.656258
-21.559639 -26.292065 104.787941
-21.689482 -26.373379 104.919632
-21.819324 -26.454693 105.051315
-21.949169 -26.536007 105.182999
-22.079010 -26.617321 105.314682
-22.208855 -26.698633 105.446373
-22.338696 -26.779947 105.578056
-22.468540 -26.861261 105.709740
-22.598383 -26.942575 105.841423
-22.728226 -27.023888 105.973114
-22.858068 -27.105202 106.104797
-22.987911 -27.186516 106.236481
-23.117756 -27.267830 106.368164
-23.247599 -27.349144 106.499855
-23.377441 -27.430458 106.631538
-23.507284 -27.511772 106.763222
-23.637127 -27.593086 106.894913
-23.766972 -27.674400 107.026596
-23.896812 -27.755713 107.158279
-24.026657 -27.837027 107.289963
-24.156498 -27.918341 107.421654
-24.286343 -27.999655 107.553337
-24.416183 -28.080969 107.685020
-24.546028 -28.162283 107.816704
-24.675871 -28.243597 107.948395
-24.805714 -28.324909 108.080078
-24.935556 -28.406223 108.211761
-25.065399 -28.487537 108.343445
-25.195244 -28.568851 108.475136
